---
title: "SA 8240HDC and Firewire"
date: 2010-03-23
forum: Mythbuntu
---

### Post by mcnever on 2010-03-23
Hey guys i'm starting to tackle firewire i think i might have an incompatibility issue with my cable box.  I just want somebody to confirm what i'm seeing is expected.  I installed a firewire PCI card yesterday and it 'appears' to be working ok, the plugreport output is below.  When i connected the STB to my firewire port and went to configure it as a capture card the GUID auto populated.  When i try to tune to one of the channels i get no video/audio and the display just sets with signal at 100% and a 'Partial lock'.  i see 'no input errors' in the log and it looks like myth tries to reset the connection. (those logs are below).  I've tried reconfiguring the 'capture card' in myth as different STB's but i get the exact same result no matter what i choose.

I'm guess my STB just isn't compatible with myth then, or are there other things i should try?

Thanks
Jason




```
Host Adapter 0
==============

Node 0 GUID 0x0008000800080898
------------------------------
libiec61883 error: error reading oMPR
libiec61883 error: error reading iMPR

Node 1 GUID 0x001e6b7f9f240000
------------------------------
oMPR n_plugs=1, data_rate=2, bcast_channel=63
oPCR[0] online=1, bcast_connection=0, n_p2p_connections=0
    channel=0, data_rate=2, overhead_id=0, payload=146
iMPR n_plugs=0, data_rate=2


```
```
2010-03-22 19:13:40.942 TVRec(4): Changing from None to Watching WatchingLiveTV
2010-03-22 19:13:40.975 TVRec(4): HW Tuner: 4->4
2010-03-22 19:13:41.010 SetLastChannel(12): cleared: no
2010-03-22 19:13:41.069 AutoExpire: CalcParams(): Max required Free Space: 3.0 GB w/freq: 15 min
2010-03-22 19:13:41.094 LFireDev(001E6B7F9F240000): Buffered packets 2000 (8000 KB)
2010-03-22 19:13:41.181 LFireDev(001E6B7F9F240000), Warning: No Input in 50 msec...
2010-03-22 19:13:41.255 LFireDev(001E6B7F9F240000), Warning: No Input in 100 msec...
2010-03-22 19:13:41.327 LFireDev(001E6B7F9F240000), Warning: No Input in 150 msec...
2010-03-22 19:13:41.395 LFireDev(001E6B7F9F240000), Warning: No Input in 200 msec...
2010-03-22 19:13:41.461 LFireDev(001E6B7F9F240000), Warning: No Input in 250 msec...
2010-03-22 19:13:41.527 LFireDev(001E6B7F9F240000), Warning: No Input in 300 msec...
2010-03-22 19:13:41.593 LFireDev(001E6B7F9F240000), Warning: No Input in 350 msec...
2010-03-22 19:13:41.659 LFireDev(001E6B7F9F240000), Warning: No Input in 400 msec...
2010-03-22 19:13:41.726 LFireDev(001E6B7F9F240000), Warning: No Input in 450 msec...
2010-03-22 19:13:41.798 LFireDev(001E6B7F9F240000), Warning: No Input in 500 msec...
2010-03-22 19:13:41.870 LFireDev(001E6B7F9F240000), Warning: No Input in 550 msec...
2010-03-22 19:13:41.936 LFireDev(001E6B7F9F240000), Warning: No Input in 600 msec...
2010-03-22 19:13:42.008 LFireDev(001E6B7F9F240000), Warning: No Input in 650 msec...
2010-03-22 19:13:42.074 LFireDev(001E6B7F9F240000), Warning: No Input in 700 msec...
2010-03-22 19:13:42.147 LFireDev(001E6B7F9F240000), Warning: No Input in 750 msec...
2010-03-22 19:13:42.213 LFireDev(001E6B7F9F240000), Warning: No Input in 800 msec...
2010-03-22 19:13:42.285 LFireDev(001E6B7F9F240000), Warning: No Input in 850 msec...
2010-03-22 19:13:42.351 LFireDev(001E6B7F9F240000), Warning: No Input in 900 msec...
2010-03-22 19:13:42.423 LFireDev(001E6B7F9F240000), Warning: No Input in 950 msec...
2010-03-22 19:13:42.489 LFireDev(001E6B7F9F240000), Warning: No Input in 1000 msec...
2010-03-22 19:13:42.562 LFireDev(001E6B7F9F240000), Warning: No Input in 1050 msec...
2010-03-22 19:13:42.578 LFireDev(001E6B7F9F240000): ResetBus() -- begin
2010-03-22 19:13:42.598 LFireDev(001E6B7F9F240000): ResetBus() -- end
2010-03-22 19:13:42.614 LFireDev(001E6B7F9F240000): SignalReset(226->227)
2010-03-22 19:13:42.638 LFireDev(001E6B7F9F240000): SignalReset(226->227): Updating device list -- begin
2010-03-22 19:13:42.663 LFireDev(001E6B7F9F240000): SignalReset(226->227): Updating device list -- end
2010-03-22 19:13:42.686 LFireDev(001E6B7F9F240000): SignalReset(227->228)
2010-03-22 19:13:42.711 LFireDev(001E6B7F9F240000): SignalReset(227->228): Updating device list -- begin
2010-03-22 19:13:42.736 LFireDev(001E6B7F9F240000): SignalReset(227->228): Updating device list -- end
2010-03-22 19:13:42.809 LFireDev(001E6B7F9F240000), Warning: No Input in 50 msec...
2010-03-22 19:13:42.881 LFireDev(001E6B7F9F240000), Warning: No Input in 100 msec...
2010-03-22 19:13:42.897 LFireDev(001E6B7F9F240000): HandleBusReset: Reconnecting P2P connection
2010-03-22 19:13:42.942 LFireDev(001E6B7F9F240000): HandleBusReset: Reconnected fwchan: 0
            output: 0xffc1 input: 0xffc0
2010-03-22 19:13:43.007 LFireDev(001E6B7F9F240000), Warning: No Input in 150 msec...
2010-03-22 19:13:43.074 LFireDev(001E6B7F9F240000), Warning: No Input in 200 msec...
2010-03-22 19:13:43.140 LFireDev(001E6B7F9F240000), Warning: No Input in 250 msec...
2010-03-22 19:13:43.206 LFireDev(001E6B7F9F240000), Warning: No Input in 300 msec...
2010-03-22 19:13:43.272 LFireDev(001E6B7F9F240000), Warning: No Input in 350 msec...
2010-03-22 19:13:43.338 LFireDev(001E6B7F9F240000), Warning: No Input in 400 msec...
2010-03-22 19:13:43.412 LFireDev(001E6B7F9F240000), Warning: No Input in 450 msec...
2010-03-22 19:13:43.484 LFireDev(001E6B7F9F240000), Warning: No Input in 500 msec...
2010-03-22 19:13:43.550 LFireDev(001E6B7F9F240000), Warning: No Input in 550 msec...
2010-03-22 19:13:43.622 LFireDev(001E6B7F9F240000), Warning: No Input in 600 msec...
2010-03-22 19:13:43.688 LFireDev(001E6B7F9F240000), Warning: No Input in 650 msec...
2010-03-22 19:13:43.760 LFireDev(001E6B7F9F240000), Warning: No Input in 700 msec...
2010-03-22 19:13:43.827 LFireDev(001E6B7F9F240000), Warning: No Input in 750 msec...
2010-03-22 19:13:43.899 LFireDev(001E6B7F9F240000), Warning: No Input in 800 msec...
2010-03-22 19:13:43.965 LFireDev(001E6B7F9F240000), Warning: No Input in 850 msec...
2010-03-22 19:13:44.037 LFireDev(001E6B7F9F240000), Warning: No Input in 900 msec...
2010-03-22 19:13:44.115 LFireDev(001E6B7F9F240000), Warning: No Input in 950 msec...
2010-03-22 19:13:44.181 LFireDev(001E6B7F9F240000), Warning: No Input in 1000 msec...
2010-03-22 19:13:44.253 LFireDev(001E6B7F9F240000), Warning: No Input in 1050 msec...
2010-03-22 19:13:44.270 LFireDev(001E6B7F9F240000): ResetBus() -- begin
2010-03-22 19:13:44.296 LFireDev(001E6B7F9F240000): ResetBus() -- end
2010-03-22 19:13:44.318 LFireDev(001E6B7F9F240000): SignalReset(228->229)
2010-03-22 19:13:44.342 LFireDev(001E6B7F9F240000): SignalReset(228->229): Updating device list -- begin
2010-03-22 19:13:44.367 LFireDev(001E6B7F9F240000): SignalReset(228->229): Updating device list -- end
2010-03-22 19:13:44.390 LFireDev(001E6B7F9F240000): SignalReset(229->230)
2010-03-22 19:13:44.414 LFireDev(001E6B7F9F240000): SignalReset(229->230): Updating device list -- begin
2010-03-22 19:13:44.439 LFireDev(001E6B7F9F240000): SignalReset(229->230): Updating device list -- end
2010-03-22 19:13:44.513 LFireDev(001E6B7F9F240000), Warning: No Input in 50 msec...
2010-03-22 19:13:44.579 LFireDev(001E6B7F9F240000), Warning: No Input in 100 msec...
2010-03-22 19:13:44.595 LFireDev(001E6B7F9F240000): HandleBusReset: Reconnecting P2P connection
2010-03-22 19:13:44.639 LFireDev(001E6B7F9F240000): HandleBusReset: Reconnected fwchan: 0
            output: 0xffc1 input: 0xffc0
2010-03-22 19:13:44.705 LFireDev(001E6B7F9F240000), Warning: No Input in 150 msec...
2010-03-22 19:14:35.442 AutoExpire: CalcParams(): Max required Free Space: 3.0 GB w/freq: 15 min
2010-03-22 19:14:35.472 Expiring 0 MBytes for 1121 @ Mon Mar 22 19:00:00 2010 => Inside Edition

```

---

