---
title: "Intel 946GZ Graphics on Karmic - No desktop effects"
date: 2009-09-27
forum: Karmic Koala Testing and Discussion (CLOSED)
---

### Post by itsjareds on 2009-09-27
Hi, I just installed Ubuntu 9.10 Alpha6 to get a taste of what will be coming up in the next few weeks. The installation ran fine but now it seems that my graphics driver is not working anymore (driver uninstalled?) and I was reverted back to the basic graphics driver. I can't use the desktop effects now, but I was able to before I upgraded from Jaunty. I don't really know why this could be happening because I have the xserver-xorg-video-intel driver installed.

/etc/X11/xorg.conf:
```
# xorg.conf (X.Org X Window System server configuration file)
#
# This file was generated by dexconf, the Debian X Configuration tool, using
# values from the debconf database.
#
# Edit this file with caution, and see the xorg.conf manual page.
# (Type "man xorg.conf" at the shell prompt.)
#
# This file is automatically updated on xserver-xorg package upgrades *only*
# if it has not been modified since the last upgrade of the xserver-xorg
# package.
#
# Note that some configuration settings that could be done previously
# in this file, now are automatically configured by the server and settings
# here are ignored.
#
# If you have edited this file but would like it to be automatically updated
# again, run the following command:
#   sudo dpkg-reconfigure -phigh xserver-xorg

Section "Device"
	Identifier	"Configured Video Device"
	Option		"AccelMethod"			"uxa"
	Option		"EXAOptimizeMigration"		"true"
	Option		"MigrationHeuristic"		"greedy"
	Option		"Tiling"			"true" # i8xx users: see note in guide
EndSection

Section "Monitor"
	Identifier	"Configured Monitor"
EndSection

Section "Screen"
	Identifier	"Default Screen"
	Monitor		"Configured Monitor"
	Device		"Configured Video Device"
EndSection

Section "DRI"
	Mode		0666
EndSection
```

/var/log/Xorg.0.log:
```

X.Org X Server 1.6.3
Release Date: 2009-7-31
X Protocol Version 11, Revision 0
Build Operating System: Linux 2.6.24-23-server i686 Ubuntu
Current Operating System: Linux jared-desktop 2.6.28-15-generic #49-Ubuntu SMP Tue Aug 18 18:40:08 UTC 2009 i686
Kernel command line: root=UUID=c15c3c00-e0d8-4b70-a075-41af9986e6b8 ro quiet splash
Build Date: 08 September 2009  11:15:47PM
xorg-server 2:1.6.3-1ubuntu6 (buildd@rothera.buildd) 
	Before reporting problems, check http://wiki.x.org
	to make sure that you have the latest version.
Markers: (--) probed, (**) from config file, (==) default setting,
	(++) from command line, (!!) notice, (II) informational,
	(WW) warning, (EE) error, (NI) not implemented, (??) unknown.
(==) Log file: "/var/log/Xorg.0.log", Time: Sun Sep 27 13:05:30 2009
(==) Using config file: "/etc/X11/xorg.conf"
(==) No Layout section.  Using the first Screen section.
(**) |-->Screen "Default Screen" (0)
(**) |   |-->Monitor "Configured Monitor"
(**) |   |-->Device "Configured Video Device"
(==) Automatically adding devices
(==) Automatically enabling devices
(WW) The directory "/usr/share/fonts/X11/cyrillic" does not exist.
	Entry deleted from font path.
(==) FontPath set to:
	/usr/share/fonts/X11/misc,
	/usr/share/fonts/X11/100dpi/:unscaled,
	/usr/share/fonts/X11/75dpi/:unscaled,
	/usr/share/fonts/X11/Type1,
	/usr/share/fonts/X11/100dpi,
	/usr/share/fonts/X11/75dpi,
	/var/lib/defoma/x-ttcidfont-conf.d/dirs/TrueType,
	built-ins
(==) ModulePath set to "/usr/lib/xorg/modules"
(II) Cannot locate a core pointer device.
(II) Cannot locate a core keyboard device.
(II) The server relies on HAL to provide the list of input devices.
	If no devices become available, reconfigure HAL or disable AllowEmptyInput.
(II) Loader magic: 0x1fbc0
(II) Module ABI versions:
	X.Org ANSI C Emulation: 0.4
	X.Org Video Driver: 5.0
	X.Org XInput driver : 4.0
	X.Org Server Extension : 2.0
(II) Loader running on linux
(++) using VT number 7

(--) PCI:*(0:0:2:0) 8086:2972:17aa:1015 Intel Corporation 82946GZ/GL Integrated Graphics Controller rev 2, Mem @ 0xd0000000/1048576, 0xc0000000/268435456, I/O @ 0x000018c0/8
(WW) Open ACPI failed (/var/run/acpid.socket) (No such file or directory)
(II) No APM support in BIOS or kernel
(II) System resource ranges:
	[0] -1	0	0xffffffff - 0xffffffff (0x1) MX[B]
	[1] -1	0	0x000f0000 - 0x000fffff (0x10000) MX[B]
	[2] -1	0	0x000c0000 - 0x000effff (0x30000) MX[B]
	[3] -1	0	0x00000000 - 0x0009ffff (0xa0000) MX[B]
	[4] -1	0	0x0000ffff - 0x0000ffff (0x1) IX[B]
	[5] -1	0	0x00000000 - 0x00000000 (0x1) IX[B]
(II) LoadModule: "extmod"
(II) Loading /usr/lib/xorg/modules/extensions//libextmod.so
(II) Module extmod: vendor="X.Org Foundation"
	compiled for 1.6.3, module version = 1.0.0
	Module class: X.Org Server Extension
	ABI class: X.Org Server Extension, version 2.0
(II) Loading extension MIT-SCREEN-SAVER
(II) Loading extension XFree86-VidModeExtension
(II) Loading extension XFree86-DGA
(II) Loading extension DPMS
(II) Loading extension XVideo
(II) Loading extension XVideo-MotionCompensation
(II) Loading extension X-Resource
(II) LoadModule: "dbe"
(II) Loading /usr/lib/xorg/modules/extensions//libdbe.so
(II) Module dbe: vendor="X.Org Foundation"
	compiled for 1.6.3, module version = 1.0.0
	Module class: X.Org Server Extension
	ABI class: X.Org Server Extension, version 2.0
(II) Loading extension DOUBLE-BUFFER
(II) LoadModule: "glx"
(II) Loading /usr/lib/xorg/modules/extensions//libglx.so
(II) Module glx: vendor="X.Org Foundation"
	compiled for 1.6.3, module version = 1.0.0
	ABI class: X.Org Server Extension, version 2.0
(==) AIGLX enabled
(II) Loading extension GLX
(II) LoadModule: "record"
(II) Loading /usr/lib/xorg/modules/extensions//librecord.so
(II) Module record: vendor="X.Org Foundation"
	compiled for 1.6.3, module version = 1.13.0
	Module class: X.Org Server Extension
	ABI class: X.Org Server Extension, version 2.0
(II) Loading extension RECORD
(II) LoadModule: "dri"
(II) Loading /usr/lib/xorg/modules/extensions//libdri.so
(II) Module dri: vendor="X.Org Foundation"
	compiled for 1.6.3, module version = 1.0.0
	ABI class: X.Org Server Extension, version 2.0
(II) Loading extension XFree86-DRI
(II) LoadModule: "dri2"
(II) Loading /usr/lib/xorg/modules/extensions//libdri2.so
(II) Module dri2: vendor="X.Org Foundation"
	compiled for 1.6.3, module version = 1.1.0
	ABI class: X.Org Server Extension, version 2.0
(II) Loading extension DRI2
(==) Matched intel for the autoconfigured driver
(==) Assigned the driver to the xf86ConfigLayout
(II) LoadModule: "intel"
(II) Loading /usr/lib/xorg/modules/drivers//intel_drv.so
(II) Module intel: vendor="X.Org Foundation"
	compiled for 1.6.3, module version = 2.8.1
	Module class: X.Org Video Driver
	ABI class: X.Org Video Driver, version 5.0
(II) intel: Driver for Intel Integrated Graphics Chipsets: i810,
	i810-dc100, i810e, i815, i830M, 845G, 852GM/855GM, 865G, 915G,
	E7221 (i915), 915GM, 945G, 945GM, 945GME, IGD_GM, IGD_G, 965G, G35,
	965Q, 946GZ, 965GM, 965GME/GLE, G33, Q35, Q33,
	Mobile Intel® GM45 Express Chipset,
	Intel Integrated Graphics Device, G45/G43, Q45/Q43, G41, IGDNG_D,
	IGDNG_M
(II) Primary Device is: PCI 00@00:02:0
(II) resource ranges after xf86ClaimFixedResources() call:
	[0] -1	0	0xffffffff - 0xffffffff (0x1) MX[B]
	[1] -1	0	0x000f0000 - 0x000fffff (0x10000) MX[B]
	[2] -1	0	0x000c0000 - 0x000effff (0x30000) MX[B]
	[3] -1	0	0x00000000 - 0x0009ffff (0xa0000) MX[B]
	[4] -1	0	0x0000ffff - 0x0000ffff (0x1) IX[B]
	[5] -1	0	0x00000000 - 0x00000000 (0x1) IX[B]
(II) resource ranges after probing:
	[0] -1	0	0xffffffff - 0xffffffff (0x1) MX[B]
	[1] -1	0	0x000f0000 - 0x000fffff (0x10000) MX[B]
	[2] -1	0	0x000c0000 - 0x000effff (0x30000) MX[B]
	[3] -1	0	0x00000000 - 0x0009ffff (0xa0000) MX[B]
	[4] 0	0	0x000a0000 - 0x000affff (0x10000) MS[B]
	[5] 0	0	0x000b0000 - 0x000b7fff (0x8000) MS[B]
	[6] 0	0	0x000b8000 - 0x000bffff (0x8000) MS[B]
	[7] -1	0	0x0000ffff - 0x0000ffff (0x1) IX[B]
	[8] -1	0	0x00000000 - 0x00000000 (0x1) IX[B]
	[9] 0	0	0x000003b0 - 0x000003bb (0xc) IS[B]
	[10] 0	0	0x000003c0 - 0x000003df (0x20) IS[B]
(II) Loading sub module "vgahw"
(II) LoadModule: "vgahw"
(II) Loading /usr/lib/xorg/modules//libvgahw.so
(II) Module vgahw: vendor="X.Org Foundation"
	compiled for 1.6.3, module version = 0.1.0
	ABI class: X.Org Video Driver, version 5.0
(II) Loading sub module "ramdac"
(II) LoadModule: "ramdac"
(II) Module "ramdac" already built-in
drmOpenDevice: node name is /dev/dri/card0
drmOpenByBusid: Searching for BusID pci:0000:00:02.0
drmOpenDevice: node name is /dev/dri/card0
drmOpenByBusid: drmOpenMinor returns -1
drmOpenDevice: node name is /dev/dri/card1
drmOpenByBusid: drmOpenMinor returns -1
drmOpenDevice: node name is /dev/dri/card2
drmOpenByBusid: drmOpenMinor returns -1
drmOpenDevice: node name is /dev/dri/card3
drmOpenByBusid: drmOpenMinor returns -1
drmOpenDevice: node name is /dev/dri/card4
drmOpenByBusid: drmOpenMinor returns -1
drmOpenDevice: node name is /dev/dri/card5
drmOpenByBusid: drmOpenMinor returns -1
drmOpenDevice: node name is /dev/dri/card6
drmOpenByBusid: drmOpenMinor returns -1
drmOpenDevice: node name is /dev/dri/card7
drmOpenByBusid: drmOpenMinor returns -1
drmOpenDevice: node name is /dev/dri/card8
drmOpenByBusid: drmOpenMinor returns -1
drmOpenDevice: node name is /dev/dri/card9
drmOpenByBusid: drmOpenMinor returns -1
drmOpenDevice: node name is /dev/dri/card10
drmOpenByBusid: drmOpenMinor returns -1
drmOpenDevice: node name is /dev/dri/card11
drmOpenByBusid: drmOpenMinor returns -1
drmOpenDevice: node name is /dev/dri/card12
drmOpenByBusid: drmOpenMinor returns -1
drmOpenDevice: node name is /dev/dri/card13
drmOpenByBusid: drmOpenMinor returns -1
drmOpenDevice: node name is /dev/dri/card14
drmOpenByBusid: drmOpenMinor returns -1
drmOpenDevice: node name is /dev/dri/card0
drmOpenDevice: node name is /dev/dri/card0
drmOpenDevice: node name is /dev/dri/card1
drmOpenDevice: node name is /dev/dri/card2
drmOpenDevice: node name is /dev/dri/card3
drmOpenDevice: node name is /dev/dri/card4
drmOpenDevice: node name is /dev/dri/card5
drmOpenDevice: node name is /dev/dri/card6
drmOpenDevice: node name is /dev/dri/card7
drmOpenDevice: node name is /dev/dri/card8
drmOpenDevice: node name is /dev/dri/card9
drmOpenDevice: node name is /dev/dri/card10
drmOpenDevice: node name is /dev/dri/card11
drmOpenDevice: node name is /dev/dri/card12
drmOpenDevice: node name is /dev/dri/card13
drmOpenDevice: node name is /dev/dri/card14
drmOpenDevice: node name is /dev/dri/card0
(EE) intel(0): [drm] Failed to open DRM device for : No such file or directory
(EE) intel(0): Failed to become DRM master.
(II) intel(0): Creating default Display subsection in Screen section
	"Default Screen" for depth/fbbpp 24/32
(==) intel(0): Depth 24, (--) framebuffer bpp 32
(==) intel(0): RGB weight 888
(==) intel(0): Default visual is TrueColor
(**) intel(0): Option "Tiling" "true"
(II) intel(0): Integrated Graphics Chipset: Intel(R) 946GZ
(--) intel(0): Chipset: "946GZ"
(--) intel(0): Linear framebuffer at 0xC0000000
(--) intel(0): IO registers at addr 0xD0000000 size 1048576
(WW) intel(0): libpciaccess reported 0 rom size, guessing 64kB
(II) intel(0): No SDVO device is found in VBT
(II) intel(0): 2 display pipes available.
(II) Loading sub module "ddc"
(II) LoadModule: "ddc"
(II) Module "ddc" already built-in
(II) Loading sub module "i2c"
(II) LoadModule: "i2c"
(II) Module "i2c" already built-in
(II) intel(0): Output VGA using monitor section Configured Monitor
(II) intel(0): I2C bus "CRTDDC_A" initialized.
(II) intel(0): I2C device "CRTDDC_A:E-EDID segment register" registered at address 0x60.
(II) intel(0): I2C device "CRTDDC_A:ddc2" registered at address 0xA0.
(II) intel(0): I2C device "CRTDDC_A:ddc2" removed.
(II) intel(0): I2C device "CRTDDC_A:E-EDID segment register" removed.
(II) intel(0): I2C bus "CRTDDC_A" removed.
(II) intel(0): EDID for output VGA
(II) intel(0): Manufacturer: HSD  Model: 8991  Serial#: 16843009
(II) intel(0): Year: 2007  Week: 50
(II) intel(0): EDID Version: 1.3
(II) intel(0): Analog Display Input,  Input Voltage Level: 0.700/0.700 V
(II) intel(0): Sync:  Separate  Composite
(II) intel(0): Max Image Size [cm]: horiz.: 41  vert.: 26
(II) intel(0): Gamma: 2.20
(II) intel(0): DPMS capabilities: Off; RGB/Color Display
(II) intel(0): First detailed timing is preferred mode
(II) intel(0): redX: 0.643 redY: 0.325   greenX: 0.295 greenY: 0.616
(II) intel(0): blueX: 0.143 blueY: 0.081   whiteX: 0.310 whiteY: 0.330
(II) intel(0): Supported established timings:
(II) intel(0): 720x400@70Hz
(II) intel(0): 640x480@60Hz
(II) intel(0): 640x480@67Hz
(II) intel(0): 640x480@72Hz
(II) intel(0): 640x480@75Hz
(II) intel(0): 800x600@56Hz
(II) intel(0): 800x600@60Hz
(II) intel(0): 800x600@72Hz
(II) intel(0): 800x600@75Hz
(II) intel(0): 832x624@75Hz
(II) intel(0): 1024x768@60Hz
(II) intel(0): 1024x768@70Hz
(II) intel(0): 1024x768@75Hz
(II) intel(0): 1280x1024@75Hz
(II) intel(0): Manufacturer's mask: 0
(II) intel(0): Supported standard timings:
(II) intel(0): #0: hsize: 640  vsize 480  refresh: 66  vid: 17969
(II) intel(0): #1: hsize: 1024  vsize 768  refresh: 66  vid: 18017
(II) intel(0): #2: hsize: 1152  vsize 864  refresh: 75  vid: 20337
(II) intel(0): #3: hsize: 1280  vsize 960  refresh: 60  vid: 16513
(II) intel(0): #4: hsize: 1280  vsize 1024  refresh: 60  vid: 32897
(II) intel(0): #5: hsize: 1440  vsize 900  refresh: 60  vid: 149
(II) intel(0): #6: hsize: 1440  vsize 900  refresh: 75  vid: 3989
(II) intel(0): Supported detailed timing:
(II) intel(0): clock: 106.5 MHz   Image Size:  408 x 255 mm
(II) intel(0): h_active: 1440  h_sync: 1520  h_sync_end 1672 h_blank_end 1904 h_border: 0
(II) intel(0): v_active: 900  v_sync: 903  v_sync_end 909 v_blanking: 934 v_border: 0
(II) intel(0): Ranges: V min: 49 V max: 75 Hz, H min: 30 H max: 80 kHz, PixClock max 140 MHz
(II) intel(0): Monitor name: Hanns.G HW191
(II) intel(0): Serial No: 750GH3CY01276
(II) intel(0): EDID (in hex):
(II) intel(0): 	00ffffffffffff002264918901010101
(II) intel(0): 	321101036c291a782a9bb6a4534b9d24
(II) intel(0): 	144f54bfef0031466146714f81408180
(II) intel(0): 	9500950f01019a29a0d0518422305098
(II) intel(0): 	360098ff1000001c000000fd00314b1e
(II) intel(0): 	500e000a202020202020000000fc0048
(II) intel(0): 	616e6e732e47204857313931000000ff
(II) intel(0): 	00373530474833435930313237360080
(II) intel(0): EDID vendor "HSD", prod id 35217
(II) intel(0): Using EDID range info for horizontal sync
(II) intel(0): Using EDID range info for vertical refresh
(II) intel(0): Printing DDC gathered Modelines:
(II) intel(0): Modeline "1440x900"x0.0  106.50  1440 1520 1672 1904  900 903 909 934 -hsync +vsync (55.9 kHz)
(II) intel(0): Modeline "800x600"x0.0   40.00  800 840 968 1056  600 601 605 628 +hsync +vsync (37.9 kHz)
(II) intel(0): Modeline "800x600"x0.0   36.00  800 824 896 1024  600 601 603 625 +hsync +vsync (35.2 kHz)
(II) intel(0): Modeline "640x480"x0.0   31.50  640 656 720 840  480 481 484 500 -hsync -vsync (37.5 kHz)
(II) intel(0): Modeline "640x480"x0.0   31.50  640 664 704 832  480 489 492 520 -hsync -vsync (37.9 kHz)
(II) intel(0): Modeline "640x480"x0.0   30.24  640 704 768 864  480 483 486 525 -hsync -vsync (35.0 kHz)
(II) intel(0): Modeline "640x480"x0.0   25.18  640 656 752 800  480 490 492 525 -hsync -vsync (31.5 kHz)
(II) intel(0): Modeline "720x400"x0.0   28.32  720 738 846 900  400 412 414 449 -hsync +vsync (31.5 kHz)
(II) intel(0): Modeline "1280x1024"x0.0  135.00  1280 1296 1440 1688  1024 1025 1028 1066 +hsync +vsync (80.0 kHz)
(II) intel(0): Modeline "1024x768"x0.0   78.75  1024 1040 1136 1312  768 769 772 800 +hsync +vsync (60.0 kHz)
(II) intel(0): Modeline "1024x768"x0.0   75.00  1024 1048 1184 1328  768 771 777 806 -hsync -vsync (56.5 kHz)
(II) intel(0): Modeline "1024x768"x0.0   65.00  1024 1048 1184 1344  768 771 777 806 -hsync -vsync (48.4 kHz)
(II) intel(0): Modeline "832x624"x0.0   57.28  832 864 928 1152  624 625 628 667 -hsync -vsync (49.7 kHz)
(II) intel(0): Modeline "800x600"x0.0   49.50  800 816 896 1056  600 601 604 625 +hsync +vsync (46.9 kHz)
(II) intel(0): Modeline "800x600"x0.0   50.00  800 856 976 1040  600 637 643 666 +hsync +vsync (48.1 kHz)
(II) intel(0): Modeline "640x480"x66.0   26.87  640 664 728 816  480 481 484 499 -hsync +vsync (32.9 kHz)
(II) intel(0): Modeline "1024x768"x66.0   71.63  1024 1080 1192 1360  768 769 772 798 -hsync +vsync (52.7 kHz)
(II) intel(0): Modeline "1152x864"x0.0  108.00  1152 1216 1344 1600  864 865 868 900 +hsync +vsync (67.5 kHz)
(II) intel(0): Modeline "1280x960"x0.0  108.00  1280 1376 1488 1800  960 961 964 1000 +hsync +vsync (60.0 kHz)
(II) intel(0): Modeline "1280x1024"x0.0  108.00  1280 1328 1440 1688  1024 1025 1028 1066 +hsync +vsync (64.0 kHz)
(II) intel(0): Modeline "1440x900"x0.0  106.50  1440 1520 1672 1904  900 903 909 934 -hsync +vsync (55.9 kHz)
(II) intel(0): Modeline "1440x900"x0.0  136.75  1440 1536 1688 1936  900 903 909 942 -hsync +vsync (70.6 kHz)
(II) intel(0): EDID vendor "HSD", prod id 35217
(II) intel(0): Printing probed modes for output VGA
(II) intel(0): Modeline "1440x900"x59.9  106.50  1440 1520 1672 1904  900 903 909 934 -hsync +vsync (55.9 kHz)
(II) intel(0): Modeline "1280x1024"x75.0  135.00  1280 1296 1440 1688  1024 1025 1028 1066 +hsync +vsync (80.0 kHz)
(II) intel(0): Modeline "1280x1024"x60.0  108.00  1280 1328 1440 1688  1024 1025 1028 1066 +hsync +vsync (64.0 kHz)
(II) intel(0): Modeline "1440x900"x75.0  136.75  1440 1536 1688 1936  900 903 909 942 -hsync +vsync (70.6 kHz)
(II) intel(0): Modeline "1440x900"x59.9  106.50  1440 1520 1672 1904  900 903 909 934 -hsync +vsync (55.9 kHz)
(II) intel(0): Modeline "1280x960"x60.0  108.00  1280 1376 1488 1800  960 961 964 1000 +hsync +vsync (60.0 kHz)
(II) intel(0): Modeline "1152x864"x75.0  108.00  1152 1216 1344 1600  864 865 868 900 +hsync +vsync (67.5 kHz)
(II) intel(0): Modeline "1024x768"x75.0   78.75  1024 1040 1136 1312  768 769 772 800 +hsync +vsync (60.0 kHz)
(II) intel(0): Modeline "1024x768"x70.1   75.00  1024 1048 1184 1328  768 771 777 806 -hsync -vsync (56.5 kHz)
(II) intel(0): Modeline "1024x768"x66.0   71.63  1024 1080 1192 1360  768 769 772 798 -hsync +vsync (52.7 kHz)
(II) intel(0): Modeline "1024x768"x60.0   65.00  1024 1048 1184 1344  768 771 777 806 -hsync -vsync (48.4 kHz)
(II) intel(0): Modeline "832x624"x74.6   57.28  832 864 928 1152  624 625 628 667 -hsync -vsync (49.7 kHz)
(II) intel(0): Modeline "800x600"x72.2   50.00  800 856 976 1040  600 637 643 666 +hsync +vsync (48.1 kHz)
(II) intel(0): Modeline "800x600"x75.0   49.50  800 816 896 1056  600 601 604 625 +hsync +vsync (46.9 kHz)
(II) intel(0): Modeline "800x600"x60.3   40.00  800 840 968 1056  600 601 605 628 +hsync +vsync (37.9 kHz)
(II) intel(0): Modeline "800x600"x56.2   36.00  800 824 896 1024  600 601 603 625 +hsync +vsync (35.2 kHz)
(II) intel(0): Modeline "640x480"x75.0   31.50  640 656 720 840  480 481 484 500 -hsync -vsync (37.5 kHz)
(II) intel(0): Modeline "640x480"x72.8   31.50  640 664 704 832  480 489 492 520 -hsync -vsync (37.9 kHz)
(II) intel(0): Modeline "640x480"x66.7   30.24  640 704 768 864  480 483 486 525 -hsync -vsync (35.0 kHz)
(II) intel(0): Modeline "640x480"x66.0   26.87  640 664 728 816  480 481 484 499 -hsync +vsync (32.9 kHz)
(II) intel(0): Modeline "640x480"x59.9   25.18  640 656 752 800  480 490 492 525 -hsync -vsync (31.5 kHz)
(II) intel(0): Modeline "720x400"x70.1   28.32  720 738 846 900  400 412 414 449 -hsync +vsync (31.5 kHz)
(II) intel(0): Output VGA connected
(II) intel(0): Using exact sizes for initial modes
(II) intel(0): Output VGA using initial mode 1440x900
(II) intel(0): detected 512 kB GTT.
(II) intel(0): detected 7676 kB stolen memory.
(==) intel(0): video overlay key set to 0x101fe
(==) intel(0): Using gamma correction (1.0, 1.0, 1.0)
(**) intel(0): Display dimensions: (410, 260) mm
(**) intel(0): DPI set to (89, 87)
(II) Loading sub module "fb"
(II) LoadModule: "fb"
(II) Loading /usr/lib/xorg/modules//libfb.so
(II) Module fb: vendor="X.Org Foundation"
	compiled for 1.6.3, module version = 1.0.0
	ABI class: X.Org ANSI C Emulation, version 0.4
(II) intel(0): Comparing regs from server start up to After PreInit
(WW) intel(0): Register 0x61114 (PORT_HOTPLUG_STAT) changed from 0x00000000 to 0x00000b00
(WW) intel(0): Register 0x70024 (PIPEASTAT) changed from 0x00000000 to 0x00000207
(WW) intel(0): PIPEASTAT before: status:
(WW) intel(0): PIPEASTAT after: status: VSYNC_INT_STATUS SVBLANK_INT_STATUS VBLANK_INT_STATUS OREG_UPDATE_STATUS
(==) Depth 24 pixmap format is 32 bpp
(II) do I need RAC?  No, I don't.
(II) resource ranges after preInit:
	[0] -1	0	0xffffffff - 0xffffffff (0x1) MX[B]
	[1] -1	0	0x000f0000 - 0x000fffff (0x10000) MX[B]
	[2] -1	0	0x000c0000 - 0x000effff (0x30000) MX[B]
	[3] -1	0	0x00000000 - 0x0009ffff (0xa0000) MX[B]
	[4] 0	0	0x000a0000 - 0x000affff (0x10000) MS[B](OprD)
	[5] 0	0	0x000b0000 - 0x000b7fff (0x8000) MS[B](OprD)
	[6] 0	0	0x000b8000 - 0x000bffff (0x8000) MS[B](OprD)
	[7] -1	0	0x0000ffff - 0x0000ffff (0x1) IX[B]
	[8] -1	0	0x00000000 - 0x00000000 (0x1) IX[B]
	[9] 0	0	0x000003b0 - 0x000003bb (0xc) IS[B](OprU)
	[10] 0	0	0x000003c0 - 0x000003df (0x20) IS[B](OprU)
(II) intel(0): Kernel reported 238592 total, 1 used
(II) intel(0): I830CheckAvailableMemory: 954364 kB available
(WW) intel(0): DRI2: failed to open drm device
(**) intel(0): Framebuffer compression disabled
(**) intel(0): Tiling enabled
(**) intel(0): SwapBuffers wait enabled
(EE) intel(0): Failed to initialize kernel memory manager
(==) intel(0): VideoRam: 262144 KB
(II) intel(0): Attempting memory allocation with tiled buffers.
(II) intel(0): Tiled allocation successful.
(II) intel(0): vgaHWGetIOBase: hwp->IOBase is 0x03d0, hwp->PIOOffset is 0x0000
(II) UXA(0): Driver registered support for the following operations:
(II)         solid
(II)         copy
(II)         composite (RENDER acceleration)
(==) intel(0): Backing store disabled
(==) intel(0): Silken mouse enabled
(II) intel(0): Initializing HW Cursor
(WW) intel(0): drmSetMaster failed: Bad file descriptor
(II) intel(0): xf86BindGARTMemory: bind key 0 at 0x0077f000 (pgoffset 1919)
(II) intel(0): xf86BindGARTMemory: bind key 1 at 0x0082a000 (pgoffset 2090)
(II) intel(0): xf86BindGARTMemory: bind key 2 at 0x0082b000 (pgoffset 2091)
(II) intel(0): Fixed memory allocation layout:
(II) intel(0): 0x00000000-0x0001ffff: ring buffer (128 kB)
(II) intel(0): 0x00020000-0x00029fff: HW cursors (40 kB)
(II) intel(0): 0x0002a000-0x00829fff: fake bufmgr (8192 kB)
(II) intel(0): 0x0077f000:            end of stolen memory
(II) intel(0): 0x0082a000-0x0082afff: overlay registers (4 kB)
(II) intel(0): 0x0082b000-0x00d70fff: front buffer (5400 kB) X tiled
(II) intel(0): 0x10000000:            end of aperture
(II) intel(0): BO memory allocation layout:
(II) intel(0): Output configuration:
(II) intel(0):   Pipe A is on
(II) intel(0):   Display plane A is now enabled and connected to pipe A.
(II) intel(0):   Pipe B is off
(II) intel(0):   Display plane B is now disabled and connected to pipe B.
(II) intel(0):   Output VGA is connected to pipe A
(II) intel(0): RandR 1.2 enabled, ignore the following RandR disabled message.
(II) intel(0): DPMS enabled
(==) intel(0): Intel XvMC decoder disabled
(II) intel(0): Set up textured video
(II) intel(0): Set up overlay video
(II) intel(0): direct rendering: Failed
(WW) intel(0): Option "AccelMethod" is not used
(WW) intel(0): Option "EXAOptimizeMigration" is not used
(WW) intel(0): Option "MigrationHeuristic" is not used
(--) RandR disabled
(II) Initializing built-in extension Generic Event Extension
(II) Initializing built-in extension SHAPE
(II) Initializing built-in extension MIT-SHM
(II) Initializing built-in extension XInputExtension
(II) Initializing built-in extension XTEST
(II) Initializing built-in extension BIG-REQUESTS
(II) Initializing built-in extension SYNC
(II) Initializing built-in extension XKEYBOARD
(II) Initializing built-in extension XC-MISC
(II) Initializing built-in extension SECURITY
(II) Initializing built-in extension XINERAMA
(II) Initializing built-in extension XFIXES
(II) Initializing built-in extension RENDER
(II) Initializing built-in extension RANDR
(II) Initializing built-in extension COMPOSITE
(II) Initializing built-in extension DAMAGE
(II) AIGLX: Screen 0 is not DRI2 capable
(II) AIGLX: Screen 0 is not DRI capable
(II) AIGLX: Loaded and initialized /usr/lib/dri/swrast_dri.so
(II) GLX: Initialized DRISWRAST GL provider for screen 0
(II) intel(0): Setting screen physical size to 408 x 255
(II) config/hal: Adding input device CHICONY USB NetVista Full Width Keyboard
(II) LoadModule: "evdev"
(II) Loading /usr/lib/xorg/modules/input//evdev_drv.so
(II) Module evdev: vendor="X.Org Foundation"
	compiled for 1.6.3, module version = 2.2.5
	Module class: X.Org XInput Driver
	ABI class: X.Org XInput driver, version 4.0
(**) CHICONY USB NetVista Full Width Keyboard: always reports core events
(**) CHICONY USB NetVista Full Width Keyboard: Device: "/dev/event4"
(II) CHICONY USB NetVista Full Width Keyboard: Found keys
(II) CHICONY USB NetVista Full Width Keyboard: Configuring as keyboard
(II) XINPUT: Adding extended input device "CHICONY USB NetVista Full Width Keyboard" (type: KEYBOARD)
(**) Option "xkb_rules" "evdev"
(**) Option "xkb_model" "pc105"
(**) Option "xkb_layout" "us"
(II) config/hal: Adding input device Power Button (CM)
(**) Power Button (CM): always reports core events
(**) Power Button (CM): Device: "/dev/event1"
(II) Power Button (CM): Found keys
(II) Power Button (CM): Configuring as keyboard
(II) XINPUT: Adding extended input device "Power Button (CM)" (type: KEYBOARD)
(**) Option "xkb_rules" "evdev"
(**) Option "xkb_model" "pc105"
(**) Option "xkb_layout" "us"
(II) config/hal: Adding input device Power Button (FF)
(**) Power Button (FF): always reports core events
(**) Power Button (FF): Device: "/dev/event0"
(II) Power Button (FF): Found keys
(II) Power Button (FF): Configuring as keyboard
(II) XINPUT: Adding extended input device "Power Button (FF)" (type: KEYBOARD)
(**) Option "xkb_rules" "evdev"
(**) Option "xkb_model" "pc105"
(**) Option "xkb_layout" "us"
(II) config/hal: Adding input device Macintosh mouse button emulation
(**) Macintosh mouse button emulation: always reports core events
(**) Macintosh mouse button emulation: Device: "/dev/event2"
(II) Macintosh mouse button emulation: Found 3 mouse buttons
(II) Macintosh mouse button emulation: Found x and y relative axes
(II) Macintosh mouse button emulation: Configuring as mouse
(**) Macintosh mouse button emulation: YAxisMapping: buttons 4 and 5
(**) Macintosh mouse button emulation: EmulateWheelButton: 4, EmulateWheelInertia: 10, EmulateWheelTimeout: 200
(II) XINPUT: Adding extended input device "Macintosh mouse button emulation" (type: MOUSE)
(**) Macintosh mouse button emulation: (accel) keeping acceleration scheme 1
(**) Macintosh mouse button emulation: (accel) filter chain progression: 2.00
(**) Macintosh mouse button emulation: (accel) filter stage 0: 20.00 ms
(**) Macintosh mouse button emulation: (accel) set acceleration profile 0
(II) Macintosh mouse button emulation: initialized for relative axes.
(II) config/hal: Adding input device Microsoft Microsoft 5-Button Mouse with IntelliEye(TM)
(**) Microsoft Microsoft 5-Button Mouse with IntelliEye(TM): always reports core events
(**) Microsoft Microsoft 5-Button Mouse with IntelliEye(TM): Device: "/dev/event3"
(II) Microsoft Microsoft 5-Button Mouse with IntelliEye(TM): Found 9 mouse buttons
(II) Microsoft Microsoft 5-Button Mouse with IntelliEye(TM): Found x and y relative axes
(II) Microsoft Microsoft 5-Button Mouse with IntelliEye(TM): Found scroll wheel(s)
(II) Microsoft Microsoft 5-Button Mouse with IntelliEye(TM): Configuring as mouse
(**) Microsoft Microsoft 5-Button Mouse with IntelliEye(TM): YAxisMapping: buttons 4 and 5
(**) Microsoft Microsoft 5-Button Mouse with IntelliEye(TM): EmulateWheelButton: 4, EmulateWheelInertia: 10, EmulateWheelTimeout: 200
(II) XINPUT: Adding extended input device "Microsoft Microsoft 5-Button Mouse with IntelliEye(TM)" (type: MOUSE)
(**) Microsoft Microsoft 5-Button Mouse with IntelliEye(TM): (accel) keeping acceleration scheme 1
(**) Microsoft Microsoft 5-Button Mouse with IntelliEye(TM): (accel) filter chain progression: 2.00
(**) Microsoft Microsoft 5-Button Mouse with IntelliEye(TM): (accel) filter stage 0: 20.00 ms
(**) Microsoft Microsoft 5-Button Mouse with IntelliEye(TM): (accel) set acceleration profile 0
(II) Microsoft Microsoft 5-Button Mouse with IntelliEye(TM): initialized for relative axes.
(II) intel(0): I2C bus "CRTDDC_A" initialized.
(II) intel(0): I2C device "CRTDDC_A:E-EDID segment register" registered at address 0x60.
(II) intel(0): I2C device "CRTDDC_A:ddc2" registered at address 0xA0.
(II) intel(0): I2C device "CRTDDC_A:ddc2" removed.
(II) intel(0): I2C device "CRTDDC_A:E-EDID segment register" removed.
(II) intel(0): I2C bus "CRTDDC_A" removed.
(II) intel(0): EDID for output VGA
(II) intel(0): Manufacturer: HSD  Model: 8991  Serial#: 16843009
(II) intel(0): Year: 2007  Week: 50
(II) intel(0): EDID Version: 1.3
(II) intel(0): Analog Display Input,  Input Voltage Level: 0.700/0.700 V
(II) intel(0): Sync:  Separate  Composite
(II) intel(0): Max Image Size [cm]: horiz.: 41  vert.: 26
(II) intel(0): Gamma: 2.20
(II) intel(0): DPMS capabilities: Off; RGB/Color Display
(II) intel(0): First detailed timing is preferred mode
(II) intel(0): redX: 0.643 redY: 0.325   greenX: 0.295 greenY: 0.616
(II) intel(0): blueX: 0.143 blueY: 0.081   whiteX: 0.310 whiteY: 0.330
(II) intel(0): Supported established timings:
(II) intel(0): 720x400@70Hz
(II) intel(0): 640x480@60Hz
(II) intel(0): 640x480@67Hz
(II) intel(0): 640x480@72Hz
(II) intel(0): 640x480@75Hz
(II) intel(0): 800x600@56Hz
(II) intel(0): 800x600@60Hz
(II) intel(0): 800x600@72Hz
(II) intel(0): 800x600@75Hz
(II) intel(0): 832x624@75Hz
(II) intel(0): 1024x768@60Hz
(II) intel(0): 1024x768@70Hz
(II) intel(0): 1024x768@75Hz
(II) intel(0): 1280x1024@75Hz
(II) intel(0): Manufacturer's mask: 0
(II) intel(0): Supported standard timings:
(II) intel(0): #0: hsize: 640  vsize 480  refresh: 66  vid: 17969
(II) intel(0): #1: hsize: 1024  vsize 768  refresh: 66  vid: 18017
(II) intel(0): #2: hsize: 1152  vsize 864  refresh: 75  vid: 20337
(II) intel(0): #3: hsize: 1280  vsize 960  refresh: 60  vid: 16513
(II) intel(0): #4: hsize: 1280  vsize 1024  refresh: 60  vid: 32897
(II) intel(0): #5: hsize: 1440  vsize 900  refresh: 60  vid: 149
(II) intel(0): #6: hsize: 1440  vsize 900  refresh: 75  vid: 3989
(II) intel(0): Supported detailed timing:
(II) intel(0): clock: 106.5 MHz   Image Size:  408 x 255 mm
(II) intel(0): h_active: 1440  h_sync: 1520  h_sync_end 1672 h_blank_end 1904 h_border: 0
(II) intel(0): v_active: 900  v_sync: 903  v_sync_end 909 v_blanking: 934 v_border: 0
(II) intel(0): Ranges: V min: 49 V max: 75 Hz, H min: 30 H max: 80 kHz, PixClock max 140 MHz
(II) intel(0): Monitor name: Hanns.G HW191
(II) intel(0): Serial No: 750GH3CY01276
(II) intel(0): EDID (in hex):
(II) intel(0): 	00ffffffffffff002264918901010101
(II) intel(0): 	321101036c291a782a9bb6a4534b9d24
(II) intel(0): 	144f54bfef0031466146714f81408180
(II) intel(0): 	9500950f01019a29a0d0518422305098
(II) intel(0): 	360098ff1000001c000000fd00314b1e
(II) intel(0): 	500e000a202020202020000000fc0048
(II) intel(0): 	616e6e732e47204857313931000000ff
(II) intel(0): 	00373530474833435930313237360080
(II) intel(0): EDID vendor "HSD", prod id 35217
(II) intel(0): Using hsync ranges from config file
(II) intel(0): Using vrefresh ranges from config file
(II) intel(0): Printing DDC gathered Modelines:
(II) intel(0): Modeline "1440x900"x0.0  106.50  1440 1520 1672 1904  900 903 909 934 -hsync +vsync (55.9 kHz)
(II) intel(0): Modeline "800x600"x0.0   40.00  800 840 968 1056  600 601 605 628 +hsync +vsync (37.9 kHz)
(II) intel(0): Modeline "800x600"x0.0   36.00  800 824 896 1024  600 601 603 625 +hsync +vsync (35.2 kHz)
(II) intel(0): Modeline "640x480"x0.0   31.50  640 656 720 840  480 481 484 500 -hsync -vsync (37.5 kHz)
(II) intel(0): Modeline "640x480"x0.0   31.50  640 664 704 832  480 489 492 520 -hsync -vsync (37.9 kHz)
(II) intel(0): Modeline "640x480"x0.0   30.24  640 704 768 864  480 483 486 525 -hsync -vsync (35.0 kHz)
(II) intel(0): Modeline "640x480"x0.0   25.18  640 656 752 800  480 490 492 525 -hsync -vsync (31.5 kHz)
(II) intel(0): Modeline "720x400"x0.0   28.32  720 738 846 900  400 412 414 449 -hsync +vsync (31.5 kHz)
(II) intel(0): Modeline "1280x1024"x0.0  135.00  1280 1296 1440 1688  1024 1025 1028 1066 +hsync +vsync (80.0 kHz)
(II) intel(0): Modeline "1024x768"x0.0   78.75  1024 1040 1136 1312  768 769 772 800 +hsync +vsync (60.0 kHz)
(II) intel(0): Modeline "1024x768"x0.0   75.00  1024 1048 1184 1328  768 771 777 806 -hsync -vsync (56.5 kHz)
(II) intel(0): Modeline "1024x768"x0.0   65.00  1024 1048 1184 1344  768 771 777 806 -hsync -vsync (48.4 kHz)
(II) intel(0): Modeline "832x624"x0.0   57.28  832 864 928 1152  624 625 628 667 -hsync -vsync (49.7 kHz)
(II) intel(0): Modeline "800x600"x0.0   49.50  800 816 896 1056  600 601 604 625 +hsync +vsync (46.9 kHz)
(II) intel(0): Modeline "800x600"x0.0   50.00  800 856 976 1040  600 637 643 666 +hsync +vsync (48.1 kHz)
(II) intel(0): Modeline "640x480"x66.0   26.87  640 664 728 816  480 481 484 499 -hsync +vsync (32.9 kHz)
(II) intel(0): Modeline "1024x768"x66.0   71.63  1024 1080 1192 1360  768 769 772 798 -hsync +vsync (52.7 kHz)
(II) intel(0): Modeline "1152x864"x0.0  108.00  1152 1216 1344 1600  864 865 868 900 +hsync +vsync (67.5 kHz)
(II) intel(0): Modeline "1280x960"x0.0  108.00  1280 1376 1488 1800  960 961 964 1000 +hsync +vsync (60.0 kHz)
(II) intel(0): Modeline "1280x1024"x0.0  108.00  1280 1328 1440 1688  1024 1025 1028 1066 +hsync +vsync (64.0 kHz)
(II) intel(0): Modeline "1440x900"x0.0  106.50  1440 1520 1672 1904  900 903 909 934 -hsync +vsync (55.9 kHz)
(II) intel(0): Modeline "1440x900"x0.0  136.75  1440 1536 1688 1936  900 903 909 942 -hsync +vsync (70.6 kHz)
(II) intel(0): EDID vendor "HSD", prod id 35217
(II) intel(0): Printing probed modes for output VGA
(II) intel(0): Modeline "1440x900"x59.9  106.50  1440 1520 1672 1904  900 903 909 934 -hsync +vsync (55.9 kHz)
(II) intel(0): Modeline "1280x1024"x75.0  135.00  1280 1296 1440 1688  1024 1025 1028 1066 +hsync +vsync (80.0 kHz)
(II) intel(0): Modeline "1280x1024"x60.0  108.00  1280 1328 1440 1688  1024 1025 1028 1066 +hsync +vsync (64.0 kHz)
(II) intel(0): Modeline "1440x900"x75.0  136.75  1440 1536 1688 1936  900 903 909 942 -hsync +vsync (70.6 kHz)
(II) intel(0): Modeline "1440x900"x59.9  106.50  1440 1520 1672 1904  900 903 909 934 -hsync +vsync (55.9 kHz)
(II) intel(0): Modeline "1280x960"x60.0  108.00  1280 1376 1488 1800  960 961 964 1000 +hsync +vsync (60.0 kHz)
(II) intel(0): Modeline "1152x864"x75.0  108.00  1152 1216 1344 1600  864 865 868 900 +hsync +vsync (67.5 kHz)
(II) intel(0): Modeline "1024x768"x75.0   78.75  1024 1040 1136 1312  768 769 772 800 +hsync +vsync (60.0 kHz)
(II) intel(0): Modeline "1024x768"x70.1   75.00  1024 1048 1184 1328  768 771 777 806 -hsync -vsync (56.5 kHz)
(II) intel(0): Modeline "1024x768"x66.0   71.63  1024 1080 1192 1360  768 769 772 798 -hsync +vsync (52.7 kHz)
(II) intel(0): Modeline "1024x768"x60.0   65.00  1024 1048 1184 1344  768 771 777 806 -hsync -vsync (48.4 kHz)
(II) intel(0): Modeline "832x624"x74.6   57.28  832 864 928 1152  624 625 628 667 -hsync -vsync (49.7 kHz)
(II) intel(0): Modeline "800x600"x72.2   50.00  800 856 976 1040  600 637 643 666 +hsync +vsync (48.1 kHz)
(II) intel(0): Modeline "800x600"x75.0   49.50  800 816 896 1056  600 601 604 625 +hsync +vsync (46.9 kHz)
(II) intel(0): Modeline "800x600"x60.3   40.00  800 840 968 1056  600 601 605 628 +hsync +vsync (37.9 kHz)
(II) intel(0): Modeline "800x600"x56.2   36.00  800 824 896 1024  600 601 603 625 +hsync +vsync (35.2 kHz)
(II) intel(0): Modeline "640x480"x75.0   31.50  640 656 720 840  480 481 484 500 -hsync -vsync (37.5 kHz)
(II) intel(0): Modeline "640x480"x72.8   31.50  640 664 704 832  480 489 492 520 -hsync -vsync (37.9 kHz)
(II) intel(0): Modeline "640x480"x66.7   30.24  640 704 768 864  480 483 486 525 -hsync -vsync (35.0 kHz)
(II) intel(0): Modeline "640x480"x66.0   26.87  640 664 728 816  480 481 484 499 -hsync +vsync (32.9 kHz)
(II) intel(0): Modeline "640x480"x59.9   25.18  640 656 752 800  480 490 492 525 -hsync -vsync (31.5 kHz)
(II) intel(0): Modeline "720x400"x70.1   28.32  720 738 846 900  400 412 414 449 -hsync +vsync (31.5 kHz)
(II) intel(0): I2C bus "CRTDDC_A" initialized.
(II) intel(0): I2C device "CRTDDC_A:E-EDID segment register" registered at address 0x60.
(II) intel(0): I2C device "CRTDDC_A:ddc2" registered at address 0xA0.
(II) intel(0): I2C device "CRTDDC_A:ddc2" removed.
(II) intel(0): I2C device "CRTDDC_A:E-EDID segment register" removed.
(II) intel(0): I2C bus "CRTDDC_A" removed.
(II) intel(0): EDID for output VGA
(II) intel(0): Manufacturer: HSD  Model: 8991  Serial#: 16843009
(II) intel(0): Year: 2007  Week: 50
(II) intel(0): EDID Version: 1.3
(II) intel(0): Analog Display Input,  Input Voltage Level: 0.700/0.700 V
(II) intel(0): Sync:  Separate  Composite
(II) intel(0): Max Image Size [cm]: horiz.: 41  vert.: 26
(II) intel(0): Gamma: 2.20
(II) intel(0): DPMS capabilities: Off; RGB/Color Display
(II) intel(0): First detailed timing is preferred mode
(II) intel(0): redX: 0.643 redY: 0.325   greenX: 0.295 greenY: 0.616
(II) intel(0): blueX: 0.143 blueY: 0.081   whiteX: 0.310 whiteY: 0.330
(II) intel(0): Supported established timings:
(II) intel(0): 720x400@70Hz
(II) intel(0): 640x480@60Hz
(II) intel(0): 640x480@67Hz
(II) intel(0): 640x480@72Hz
(II) intel(0): 640x480@75Hz
(II) intel(0): 800x600@56Hz
(II) intel(0): 800x600@60Hz
(II) intel(0): 800x600@72Hz
(II) intel(0): 800x600@75Hz
(II) intel(0): 832x624@75Hz
(II) intel(0): 1024x768@60Hz
(II) intel(0): 1024x768@70Hz
(II) intel(0): 1024x768@75Hz
(II) intel(0): 1280x1024@75Hz
(II) intel(0): Manufacturer's mask: 0
(II) intel(0): Supported standard timings:
(II) intel(0): #0: hsize: 640  vsize 480  refresh: 66  vid: 17969
(II) intel(0): #1: hsize: 1024  vsize 768  refresh: 66  vid: 18017
(II) intel(0): #2: hsize: 1152  vsize 864  refresh: 75  vid: 20337
(II) intel(0): #3: hsize: 1280  vsize 960  refresh: 60  vid: 16513
(II) intel(0): #4: hsize: 1280  vsize 1024  refresh: 60  vid: 32897
(II) intel(0): #5: hsize: 1440  vsize 900  refresh: 60  vid: 149
(II) intel(0): #6: hsize: 1440  vsize 900  refresh: 75  vid: 3989
(II) intel(0): Supported detailed timing:
(II) intel(0): clock: 106.5 MHz   Image Size:  408 x 255 mm
(II) intel(0): h_active: 1440  h_sync: 1520  h_sync_end 1672 h_blank_end 1904 h_border: 0
(II) intel(0): v_active: 900  v_sync: 903  v_sync_end 909 v_blanking: 934 v_border: 0
(II) intel(0): Ranges: V min: 49 V max: 75 Hz, H min: 30 H max: 80 kHz, PixClock max 140 MHz
(II) intel(0): Monitor name: Hanns.G HW191
(II) intel(0): Serial No: 750GH3CY01276
(II) intel(0): EDID (in hex):
(II) intel(0): 	00ffffffffffff002264918901010101
(II) intel(0): 	321101036c291a782a9bb6a4534b9d24
(II) intel(0): 	144f54bfef0031466146714f81408180
(II) intel(0): 	9500950f01019a29a0d0518422305098
(II) intel(0): 	360098ff1000001c000000fd00314b1e
(II) intel(0): 	500e000a202020202020000000fc0048
(II) intel(0): 	616e6e732e47204857313931000000ff
(II) intel(0): 	00373530474833435930313237360080
(II) intel(0): EDID vendor "HSD", prod id 35217
(II) intel(0): Using hsync ranges from config file
(II) intel(0): Using vrefresh ranges from config file
(II) intel(0): Printing DDC gathered Modelines:
(II) intel(0): Modeline "1440x900"x0.0  106.50  1440 1520 1672 1904  900 903 909 934 -hsync +vsync (55.9 kHz)
(II) intel(0): Modeline "800x600"x0.0   40.00  800 840 968 1056  600 601 605 628 +hsync +vsync (37.9 kHz)
(II) intel(0): Modeline "800x600"x0.0   36.00  800 824 896 1024  600 601 603 625 +hsync +vsync (35.2 kHz)
(II) intel(0): Modeline "640x480"x0.0   31.50  640 656 720 840  480 481 484 500 -hsync -vsync (37.5 kHz)
